$ 1 0.000005 10.20027730826997 48 5 43 5e-11
r 288 288 288 192 0 10000
s 112 96 160 96 0 0 false
w 112 96 112 128 0
v 112 272 112 128 0 0 40 4.5 0 0 0.5
r 400 192 400 288 0 10000
w 288 96 256 96 0
w 288 96 400 96 0
w 400 128 400 96 0
w 400 320 320 320 0
w 288 320 320 320 0
w 192 320 112 320 0
x 207 66 229 69 4 16 I\s\q\s
w 160 96 192 96 0
w 112 272 112 320 0
x 144 196 206 199 4 16 U\s\q\s4,5V
x 178 38 369 41 4 16 Vastusten\srinnankytkentä\s2
w 400 320 400 288 0
370 192 96 256 96 1 0 0
w 288 288 288 320 0
370 288 128 288 192 1 0 0
370 400 128 400 192 1 0 0
x 295 138 338 141 4 13 I(R1)\s\q\s
w 288 128 288 96 0
x 413 138 456 141 4 13 I(R2)\s\q\s
x 299 231 315 234 4 13 R1
x 412 230 428 233 4 13 R2
w 288 320 240 320 0
370 240 320 192 320 1 0 0
x 205 291 227 294 4 16 I\s\q\s
p 480 192 480 288 3 0 0
w 400 288 480 288 0
w 400 192 480 192 0
b 198 74 253 114 0
b 271 144 342 184 0
b 385 144 456 184 0
b 190 296 245 336 0
