$ 1 0.000005 6.450009306485578 37 5 50 5e-11
v 96 224 96 144 0 0 40 1 0 0 0.5
r 224 144 224 224 0 1
x 47 185 66 188 4 16 1V
370 144 112 192 112 1 0 0
w 224 144 224 112 0
w 224 112 192 112 0
w 144 112 96 112 0
w 96 112 96 144 0
w 96 224 96 240 0
w 96 240 224 240 0
w 224 240 224 224 0
w 496 240 496 224 0
w 368 240 496 240 0
w 368 224 368 240 0
w 368 112 368 144 0
w 416 112 368 112 0
w 496 112 464 112 0
w 496 144 496 112 0
370 416 112 464 112 1 0 0
x 319 185 338 188 4 16 1V
r 496 144 496 224 0 2
v 368 224 368 144 0 0 40 1 0 0 0.5
