$ 1 0.000005 10.20027730826997 37 5 43 5e-11
v 16 320 16 256 0 0 40 6 0 0 0.5
r 16 192 16 256 0 0.4
p 112 192 112 256 3 0 0
w 112 256 112 368 0
w 192 128 112 128 0
w 288 128 240 128 0
w 400 128 416 128 0
w 112 368 16 368 0
w 16 368 16 320 0
w 112 192 112 128 0
w 112 128 16 128 0
w 16 128 16 192 0
w 112 368 416 368 0
x 131 42 358 45 4 18 Pariston\ssisäinen\sresistanssi
x 38 293 57 296 4 16 Us
x 130 211 172 214 4 16 U_out
x 467 270 582 273 4 14 ----------------------->
b -28 309 71 181 0
x 29 215 44 218 4 16 Ri
b -1 181 34 165 0
370 192 128 240 128 1 0 0
b 257 147 180 99 0
x 195 88 230 91 4 16 I_out
s 288 128 400 128 0 0 false
w 416 368 416 304 0
w 416 192 416 128 0
r 416 192 416 304 0 4.951
x 429 235 471 238 4 16 R_Mo
x 466 288 545 291 4 14 Resistanssin
x 467 308 545 311 4 14 R_MO\ssäätö
38 26 F1 0 0.1 10 -1 Resistance
