$ 1 0.000005 0.18682459574322224 32 5 50 5e-11
v 48 224 48 144 0 0 40 16 0 0 0.5
r 112 112 176 112 0 0.1
r 224 160 224 208 0 2.5
r 368 160 368 208 0 2.5
r 256 112 304 112 0 0.1
r 96 288 144 288 0 0.1
r 256 272 304 272 0 0.1
w 48 144 48 112 0
w 48 112 112 112 3
w 176 112 224 112 0
w 224 112 224 160 1
w 224 112 256 112 1
w 304 112 368 112 0
w 368 112 368 160 1
w 368 208 368 272 0
w 368 272 304 272 0
w 368 304 368 272 0
w 224 208 224 272 0
w 256 272 224 272 1
w 96 288 48 288 1
w 48 288 48 224 0
w 224 304 368 304 1
p 272 160 272 208 3 0 0
p 416 160 416 208 3 0 0
w 416 160 368 160 0
w 416 208 368 208 0
w 272 160 224 160 0
w 272 208 224 208 0
S 144 288 224 288 0 0 false 0 2
x 158 186 198 189 4 16 LED1
x 315 166 355 169 4 16 LED2
x 136 251 202 254 4 14 Kytkentä\s1
x 134 335 200 338 4 14 Kytkentä\s2
x 205 51 373 54 4 16 Kahden\sLED:n\skytkentä
