$ 1 0.000005 10.20027730826997 46 5 43 5e-11
r 304 176 304 112 0 680
s 128 96 176 96 0 0 false
w 112 96 112 192 0
v 112 304 112 192 0 0 40 4.5 0 0 0.5
r 304 208 304 272 0 1000
w 128 96 112 96 0
w 304 176 304 192 0
w 304 112 304 96 0
w 304 96 240 96 0
w 304 208 304 192 0
w 304 416 304 384 0
w 304 368 304 384 0
w 304 416 112 416 0
x 195 61 199 64 4 16 I
w 112 304 112 416 0
x 140 257 202 260 4 16 U\s\q\s4,5V
x 193 26 382 29 4 18 Vastusten\ssarjakytkentä
w 416 112 304 112 0
w 416 176 304 176 0
370 176 96 240 96 1 0 0
x 315 133 331 136 4 13 R1
x 316 231 332 234 4 13 R2
r 304 304 304 368 0 2200
w 304 304 304 288 0
w 304 272 304 288 0
x 316 325 332 328 4 13 R3
w 416 272 304 272 0
w 416 208 304 208 0
w 416 368 304 368 0
w 416 304 304 304 0
p 416 112 416 176 3 0 0
p 416 208 416 272 3 0 0
p 416 304 416 368 3 0 0
b 181 65 243 112 0
x 434 132 469 135 4 14 U_R1
x 432 227 467 230 4 14 U_R2
x 433 325 468 328 4 14 U_R3
