$ 1 0.000005 0.18682459574322224 32 5 50 5e-11
v -80 224 -80 144 0 0 40 16 0 0 0.5
r -16 112 48 112 0 0.1
r 96 160 96 208 0 2.5
r 240 160 240 208 0 2.5
r 384 160 384 208 0 2.5
r 128 112 176 112 0 0.1
r 272 112 320 112 0 0.1
r -32 288 16 288 0 0.1
r 128 272 176 272 0 0.1
r 272 272 320 272 0 0.1
w -80 144 -80 112 0
w -80 112 -16 112 3
w 48 112 96 112 0
w 96 112 96 160 1
w 96 112 128 112 1
w 176 112 240 112 0
w 240 112 240 160 1
w 240 112 272 112 1
w 320 112 384 112 0
w 384 112 384 160 1
w 384 208 384 272 0
w 384 272 320 272 0
w 240 208 240 272 0
w 240 272 176 272 0
w 272 272 240 272 1
w 96 208 96 272 0
w 128 272 96 272 1
w -32 288 -80 288 1
w -80 288 -80 224 0
w 96 304 528 304 1
w 528 304 528 272 0
p 144 160 144 208 3 0 0
p 288 160 288 208 3 0 0
p 432 160 432 208 3 0 0
w 432 208 384 208 0
w 432 160 384 160 0
w 288 160 240 160 0
w 288 208 240 208 0
w 144 160 96 160 0
w 144 208 96 208 0
S 16 288 96 288 0 0 false 0 2
x 30 186 70 189 4 16 LED1
x 193 170 233 173 4 16 LED2
x 337 168 377 171 4 16 LED3
x 8 251 74 254 4 14 Kytkent채\s1
x 6 335 72 338 4 14 Kytkent채\s2
x 65 45 223 48 4 16 Nelj채n\sLED:n\skytkent채
x 481 168 521 171 4 16 LED4
w 576 160 528 160 0
w 576 208 528 208 0
p 576 160 576 208 3 0 0
w 528 208 528 272 0
w 528 112 528 160 1
w 464 112 528 112 0
r 528 160 528 208 0 2.5
w 384 112 416 112 1
r 416 112 464 112 0 0.1
w 416 272 384 272 1
w 528 272 464 272 0
r 416 272 464 272 0 0.1
