$ 1 0.000005 10.20027730826997 46 5 43 5e-11
r 304 176 304 112 0 1000
s 128 96 176 96 0 0 false
w 112 96 112 160 0
v 112 272 112 160 0 0 40 5 0 0 0.5
r 304 256 304 320 0 10000
w 128 96 112 96 0
w 304 176 304 192 0
w 304 112 304 96 0
w 240 96 176 96 0
w 304 208 304 192 0
w 416 352 416 320 0
w 416 352 304 352 0
w 304 352 112 352 0
x 253 72 257 75 4 16 I
w 112 272 112 304 0
x 143 221 192 224 4 16 U\s\q\s5V
x 222 37 389 40 4 16 Vastusten\ssekakytkentä
370 240 96 304 96 1 0 0
x 317 135 333 138 4 13 R1
x 315 277 331 280 4 13 R2
r 416 256 416 320 0 1000
w 304 352 304 336 0
w 304 320 304 336 0
x 429 279 445 282 4 13 R3
370 304 208 304 256 1 0 0
370 416 208 416 256 1 0 0
w 416 192 304 192 0
w 112 352 112 304 0
w 416 208 416 192 0
x 315 222 346 225 4 13 I_R1\s
x 424 219 451 222 4 13 I_R2
