$ 1 0.000005 10.20027730826997 45 5 43 5e-11
r 304 240 304 144 0 100
s 128 96 176 96 0 0 false
w 112 96 112 144 0
v 112 240 112 144 0 0 40 2 0 0 0.5
w 128 96 112 96 0
w 304 144 304 96 0
w 240 96 176 96 0
w 304 288 112 288 0
x 261 74 265 77 4 16 I
x 139 193 220 196 4 16 U\s\q\s0\s-\s24V
x 222 37 389 40 4 16 Vastusten\ssekakytkentä
370 240 96 304 96 1 0 0
x 314 182 330 185 4 13 R1
w 304 288 304 256 0
w 304 240 304 256 0
w 112 288 112 240 0
p 384 144 384 240 3 0 0
w 384 144 304 144 0
w 384 240 304 240 0
x 403 175 436 178 4 13 U_R1
x 106 335 411 338 4 13 Säädä\sjännitettä\sU\sliukusäätimellä\soikeassa\s\slaidassa
x 107 357 397 360 4 13 Tai\stupla-klikkaa\sjännitelähdettä\sja\smuuta\sjännitettä
x 107 384 159 387 4 13 P\s\q\sU\s*\sI\s
x 455 261 554 264 4 16 ----------------->
x 453 274 541 277 4 12 Jännitteen\ssäätö
38 3 F1 0 0 24 -1 Voltage
