$ 1 0.000005 10.20027730826997 50 5 50 5e-11
v 48 368 48 128 0 0 40 5 0 0 0.5
w 48 128 80 128 0
r 176 368 176 432 0 10000
s 176 304 176 368 0 1 false
w 176 128 336 128 0
r 336 144 336 208 0 300
w 336 320 336 368 0
w 176 432 48 432 0
x 126 66 333 69 4 18 PNP-transistori\skytkimenä
162 336 208 336 256 2 default-led 1 0 0 0.01
w 336 128 336 144 0
370 80 128 128 128 1 0 0
w 128 128 176 128 0
b 64 96 150 145 0
x 95 89 99 92 4 16 I
x 187 390 218 393 4 16 R_B
b 307 151 377 264 0
x 382 208 438 211 4 16 Kuorma
x 239 265 263 268 4 16 I_B
b 208 272 294 321 0
370 272 304 224 304 1 0 0
w 304 304 272 304 0
w 224 304 176 304 0
w 336 256 336 288 0
x 349 311 382 314 4 16 NPN
x 350 338 360 341 4 14 C
x 349 286 358 289 4 14 E
x 301 291 310 294 4 14 B
w 48 368 48 432 0
w 176 432 336 432 0
w 336 432 336 368 0
t 304 304 336 304 0 -1 4.6060253931682045 -0.21872340644477362 100 default
