$ 1 0.000005 10.20027730826997 50 5 50 5e-11
v 48 368 48 128 0 0 40 5 0 0 0.5
w 48 128 80 128 0
t 288 304 336 304 0 1 -4.606026515672565 0.21872341228699685 100 default
r 176 128 176 224 0 10000
s 176 224 176 304 0 1 false
w 176 128 336 128 0
r 336 144 336 208 0 300
w 336 320 336 368 0
w 336 368 48 368 0
x 126 66 334 69 4 18 NPN-transistori\skytkimenä
162 336 208 336 256 2 default-led 1 0 0 0.01
w 336 128 336 144 0
370 80 128 128 128 1 0 0
w 128 128 176 128 0
b 64 96 150 145 0
x 95 89 99 92 4 16 I
x 190 164 221 167 4 16 R_B
b 307 151 377 264 0
x 382 208 438 211 4 16 Kuorma
x 239 265 263 268 4 16 I_B
b 208 272 294 321 0
370 224 304 272 304 1 0 0
w 288 304 272 304 0
w 224 304 176 304 0
w 336 256 336 288 0
x 349 311 382 314 4 16 NPN
x 345 285 355 288 4 14 C
x 347 338 356 341 4 14 E
x 301 291 310 294 4 14 B
