$ 1 0.000005 10.20027730826997 50 5 50 5e-11
v 48 368 48 128 0 0 40 5 0 0 0.5
w 48 128 80 128 0
r 176 304 176 400 0 100000
s 176 224 176 304 0 1 false
w 176 128 336 128 0
r 336 144 336 208 0 300
w 336 320 336 400 0
w 256 400 176 400 0
x 126 66 317 69 4 18 N-tyypin\sFET\skytkimenä
162 336 208 336 256 2 default-led 1 0 0 0.01
w 336 128 336 144 0
370 80 128 128 128 1 0 0
w 128 128 176 128 0
b 64 96 150 145 0
x 95 89 99 92 4 16 I
x 126 358 158 361 4 16 R_G
b 307 151 377 264 0
x 382 208 438 211 4 16 Kuorma
w 288 304 256 304 0
w 256 304 176 304 0
w 336 256 336 288 0
x 367 305 425 308 4 16 N-tyyppi
x 345 285 355 288 4 14 D
x 347 338 356 341 4 14 S
x 288 295 298 298 4 14 G
f 288 304 336 304 32 1.5 0.02
w 48 368 48 400 0
w 48 400 176 400 0
w 176 224 176 128 0
p 256 304 256 400 3 0 0
w 336 400 256 400 0
x 367 322 415 325 4 16 BS170
x 274 341 302 344 4 14 U_G
