$ 1 0.000005 10.20027730826997 50 5 50 5e-11
v 48 368 48 128 0 0 40 5 0 0 0.5
w 48 128 80 128 0
r 176 160 176 224 0 100000
s 176 304 176 368 0 1 false
w 176 128 336 128 0
r 336 144 336 208 0 300
w 336 320 336 368 0
w 176 432 48 432 0
x 126 66 316 69 4 18 P-tyypin\sFET\skytkimenä
162 336 208 336 256 2 default-led 1 0 0 0.01
w 336 128 336 144 0
370 80 128 128 128 1 0 0
w 128 128 176 128 0
b 64 96 150 145 0
x 95 89 99 92 4 16 I
x 191 181 223 184 4 16 R_G
b 307 151 377 264 0
x 382 208 438 211 4 16 Kuorma
w 224 304 176 304 0
w 336 256 336 288 0
x 374 295 431 298 4 16 P-tyyppi
x 350 338 359 341 4 14 S
x 349 286 359 289 4 14 D
x 291 291 301 294 4 14 G
w 48 368 48 432 0
w 176 432 256 432 0
w 336 432 336 368 0
f 288 304 336 304 33 1.5 0.02
x 375 314 423 317 4 16 BS250
p 256 304 256 432 3 0 0
w 336 432 256 432 0
w 176 368 176 432 0
w 288 304 256 304 0
w 256 304 224 304 0
w 176 224 176 304 0
w 176 160 176 128 0
