$ 1 0.000005 10.20027730826997 46 5 43 5e-11
r 304 176 304 112 0 1000
s 128 96 176 96 0 0 false
w 112 96 112 160 0
v 112 272 112 160 0 0 40 6 0 0 0.5
r 304 256 304 320 0 1000
w 128 96 112 96 0
w 304 176 304 192 0
w 304 112 304 96 0
w 224 96 176 96 0
w 304 208 304 192 0
w 416 352 416 320 0
w 416 352 304 352 0
w 304 352 112 352 0
x 248 65 252 68 4 16 I
w 112 272 112 304 0
x 143 221 196 224 4 16 U\s\q\s6\sV
x 205 22 326 25 4 18 Jännitteen\sjako
370 224 96 304 96 1 0 0
x 317 135 333 138 4 13 R1
x 315 277 331 280 4 13 R2
r 416 256 416 320 0 10000
w 304 352 304 336 0
w 304 320 304 336 0
x 431 276 447 279 4 13 R3
370 304 208 304 256 1 0 0
370 416 208 416 256 1 0 0
w 416 192 304 192 0
w 112 352 112 304 0
w 416 208 416 192 0
x 312 221 343 224 4 13 I_R1\s
x 424 219 451 222 4 13 I_R2
b 222 73 302 113 0
p 496 256 496 320 3 0 0
w 496 256 416 256 0
w 496 320 416 320 0
