$ 1 0.000005 10.20027730826997 46 5 43 5e-11
r 304 176 304 112 0 220
s 96 96 144 96 0 0 false
w 80 96 80 192 0
v 80 304 80 192 0 0 40 24 0 0 0.5
r 304 208 304 272 0 330
w 96 96 80 96 0
w 304 176 304 192 0
w 304 112 304 96 0
w 304 96 240 96 0
w 304 208 304 192 0
w 304 416 304 384 0
w 304 368 304 384 0
w 304 416 80 416 0
x 189 63 193 66 4 16 I
w 80 304 80 416 0
x 115 250 173 253 4 16 U\s\q\s24V
x 170 23 441 26 4 16 Vastusten\ssarjakytkentä\svirta\sja\sjännite
w 416 112 304 112 0
w 416 176 304 176 0
370 176 96 240 96 1 0 0
x 315 133 331 136 4 13 R1
x 316 231 332 234 4 13 R2
r 304 304 304 368 0 470
w 304 304 304 288 0
w 304 272 304 288 0
x 316 325 332 328 4 13 R3
w 416 272 304 272 0
w 416 208 304 208 0
w 416 368 304 368 0
w 416 304 304 304 0
p 416 112 416 176 3 0 0
p 416 208 416 272 3 0 0
p 416 304 416 368 3 0 0
b 173 66 248 112 0
w 176 96 144 96 0
x 434 130 469 133 4 14 U_R1
x 433 228 468 231 4 14 U_R2
x 436 323 471 326 4 14 U_R3
