$ 1 0.000005 140.81048482046955 46 5 43 5e-11
s 96 96 144 96 0 0 false
w 80 96 80 144 0
v 80 256 80 144 0 0 40 10 0 0 0.5
w 96 96 80 96 0
w 304 128 304 144 0
w 304 128 304 96 0
w 304 96 240 96 0
w 304 160 304 144 0
w 304 368 304 336 0
w 304 320 304 336 0
w 192 368 80 368 0
x 173 58 181 61 4 16 I\s
w 80 256 80 368 0
x 115 202 173 205 4 16 U\s\q\s10V
x 170 23 381 26 4 18 Kondensaattorin\saikavakio
370 176 96 240 96 1 0 0
x 319 179 335 182 4 13 R1
w 304 256 304 240 0
w 304 224 304 240 0
x 316 277 332 280 4 13 C1
w 416 320 304 320 0
w 416 256 304 256 0
p 416 256 416 320 3 0 0
b 160 64 251 110 0
w 176 96 144 96 0
r 304 160 304 224 0 100000
209 304 256 304 320 0 0.00009999999999999999 9.230870483004331 0.001 1
w 304 368 192 368 0
w 304 240 192 240 0
w 192 304 192 368 0
s 192 304 192 240 0 1 true
x 433 275 466 278 4 13 U_C1
x 104 70 119 73 4 13 S1
x 118 284 180 287 4 13 S2\s(Reset)
x 51 399 329 402 4 13 Oskilloskooppi\snäyttää\skondensaatorin\sjännitettä
x 51 418 403 421 4 13 Oskilloskoopista\snäkee\shiirellä\ssen\shetkisen\sajan\sja\sjännitteen
x 53 434 352 437 4 13 S2\sresetoi\skondensaatorin\seli\spurkaa\ssen\svarauksen
o 22 1024 0 4098 10 0.1 0 1
