$ 1 0.000005 13.097415321081861 55 5 50 5e-11
v 80 224 80 144 0 1 50 230 0 0 0.5
r 400 144 400 224 0 1000
d 272 144 368 144 2 default
x 206 189 234 192 4 16 12V
x 312 127 328 130 4 13 D1
x 413 173 429 176 4 13 R1
x 169 86 310 89 4 13 Puoliaaaltotasasuuntaus
x 57 360 132 363 4 13 Syöttöjännite
x 200 360 301 363 4 13 Vastuksen\sjännite
T 128 144 224 224 0 4 0.05473753352673929 -13.210731322199132 -0.011984900151721862 0.999
x 105 190 142 193 4 16 230V
w 80 144 128 144 0
w 80 224 128 224 0
w 224 144 272 144 0
w 368 144 400 144 0
w 224 224 400 224 0
o 0 64 0 4098 320 0.0125 0 2 0 3
o 1 64 0 x81012 23.99986245966259 0.0001 1 2 5 0 1 3 0.003125 0
