$ 1 0.000019999999999999998 3.1763992386181834 50 5 48 5e-11
v 96 336 96 48 0 1 50 12 0 0 0.5
w 96 48 224 48 0
w 224 48 224 112 0
d 224 112 288 176 3 default
d 224 240 288 176 3 default
d 160 176 224 112 3 default
d 160 176 224 240 3 default
w 224 240 224 336 0
w 224 336 96 336 0
w 160 176 160 272 0
w 288 176 336 176 0
w 160 272 336 272 0
w 336 176 416 176 0
w 336 272 416 272 0
r 416 176 416 272 0 10000
x 432 209 505 212 4 16 R_kuorma
x 271 125 335 128 4 16 Diodisilta
x 48 171 76 174 4 16 12V
x 295 45 461 48 4 16 Kokoaaltotasasuuntaus
x 469 270 567 273 4 14 Kondensaatorin
x 469 288 580 291 4 14 arvoa\svoi\smuuttaa
x 467 308 558 311 4 14 liukusäätimellä
x 480 255 567 258 4 14 ----------------->
x 26 372 106 375 4 14 Syöttöjännite
x 227 374 336 377 4 14 R_kuorma\sjännite
o 0 8 0 4098 20 0.00009765625 0 2 0 3
o 14 8 0 x81012 20 0.003125 1 2 5 0 14 3 0.001 0
