$ 1 0.000005 10.20027730826997 50 5 50 5e-11
r 336 112 336 192 0 329.3
162 336 224 336 288 2 default-led 1 0 0 0.015
370 192 112 272 112 1 0 0
p 432 224 432 288 3 0 0
w 272 112 336 112 0
w 336 192 336 224 0
w 432 224 336 224 0
w 432 288 336 288 0
w 336 288 336 320 0
w 336 320 128 320 0
w 128 320 128 256 0
w 192 112 128 112 0
w 128 112 128 176 0
v 128 256 128 176 0 0 40 3 0 0 0.5
x 75 221 97 224 4 18 3V
b 192 80 283 131 0
x 220 70 261 73 4 15 I_LED
x 347 141 366 144 4 15 R1
x 451 237 499 240 4 15 U_LED
x 179 29 311 32 4 18 LED:n\setuvastus
x 546 271 624 274 4 15 -------------->
x 529 289 619 292 4 15 R1\svastuksen
x 528 308 611 311 4 15 resistanssin\s
x 527 329 563 332 4 15 säätö
38 0 F1 0 1 470 -1 Resistance
