$ 1 0.000005 10.20027730826997 50 5 50 5e-11
r 416 112 416 192 0 560
162 416 192 416 256 2 default-led 1 0 0 0.015
370 112 112 192 112 1 0 0
p 512 192 512 256 3 0 0
w 192 112 256 112 0
w 192 112 192 304 0
w 512 192 416 192 0
w 512 256 416 256 0
w 416 256 416 288 0
w 272 384 80 384 0
w 80 320 80 256 0
w 112 112 80 112 0
w 80 112 80 176 0
v 80 256 80 176 0 0 40 4.5 0 0 0.5
x 17 218 54 221 4 18 4,5V
b 110 84 185 135 0
x 152 80 156 83 4 15 I
x 427 141 446 144 4 15 R1
x 531 205 579 208 4 15 U_LED
x 210 39 371 42 4 18 MOSFET\skytkimenä
f 368 304 416 304 32 1.5 0.02
s 192 304 272 304 0 1 false
r 272 304 272 384 0 130000
w 416 112 256 112 0
w 320 304 272 304 0
w 416 320 416 384 0
w 352 384 272 384 0
w 80 384 80 320 0
x 226 252 244 255 4 15 S1
x 217 271 257 274 4 15 Kytkin
x 437 220 456 223 4 15 D1
x 436 237 465 240 4 15 LED
x 443 300 463 303 4 15 Q1
x 441 319 486 322 4 15 BS170
x 286 335 305 338 4 15 R2
x 423 279 433 282 4 15 D
x 423 343 433 346 4 15 S
x 369 297 380 300 4 15 G
w 368 304 352 304 0
w 320 304 352 304 0
p 352 304 352 384 3 0 0
w 352 384 416 384 0
