$ 1 0.000005 14.235633750745258 24 5 50 5e-11
w 272 288 80 288 0
w 144 144 80 144 0
v 80 288 80 144 0 0 40 4.5 0 0 0.5
x 17 218 49 221 4 16 4,5V
x 175 46 441 49 4 18 Digitaalitekniikka\sportti\skytkentä\s1
w 432 144 368 144 0
x 185 94 203 97 4 15 S1
x 174 113 214 116 4 15 Kytkin
x 495 214 521 217 4 15 LA1
x 494 235 531 238 4 15 Lamp
w 240 144 272 144 0
181 432 176 432 256 0 300.00000001072624 100 4.5 0.004 0.004
s 144 144 240 144 0 1 false
s 272 144 368 144 0 1 false
w 432 144 432 176 0
w 432 256 432 288 0
w 432 288 272 288 0
x 319 94 337 97 4 15 S2
x 307 112 347 115 4 15 Kytkin
x 19 194 39 197 4 16 U1
