$ 1 0.0000049999999999999996 14.235633750745258 24 5 50 5e-11
w 288 336 96 336 0
w 208 192 96 192 0
v 96 336 96 192 0 0 40 4.5 0 0 0.5
x 33 266 65 269 4 16 4,5V
x 175 46 441 49 4 18 Digitaalitekniikka\sportti\skytkentä\s1
w 448 192 336 192 0
x 267 97 285 100 4 15 S1
x 256 116 296 119 4 15 Kytkin
x 511 262 537 265 4 15 LA1
x 510 283 547 286 4 15 Lamp
w 208 144 208 192 0
181 448 224 448 304 0 300.0000000000232 100 4.5 0.004 0.004
s 208 144 336 144 0 1 false
s 208 240 336 240 0 1 false
w 448 192 448 224 0
w 448 304 448 336 0
w 448 336 288 336 0
x 268 195 286 198 4 15 S2
x 256 213 296 216 4 15 Kytkin
x 35 242 55 245 4 16 U1
w 208 192 208 240 0
d 336 144 336 192 2 default
d 336 240 336 192 2 default
x 354 170 586 173 4 11 Älä\shuomio\sdiodeja,\sne\son\sjotta\ssimulaatio\stoimii
