$ 1 0.000005 10.20027730826997 50 5 50 5e-11
370 64 112 144 112 1 0 0
w 144 112 208 112 0
w 144 112 144 176 0
w 352 256 352 288 0
w 208 384 32 384 0
w 32 320 32 256 0
w 64 112 32 112 0
w 32 112 32 176 0
v 32 256 32 176 0 0 40 12 0 0 0.5
x -31 218 -3 221 4 16 12V
b 62 84 137 135 0
x 104 80 108 83 4 15 I
x 568 198 594 201 4 15 LA1
x 210 39 320 42 4 18 Hämäräkytkin
f 304 304 352 304 32 1.5 0.02
w 352 112 208 112 0
w 256 304 208 304 0
w 352 320 352 384 0
w 288 384 208 384 0
w 32 384 32 320 0
x -29 198 -10 201 4 15 U1
x 433 114 468 117 4 15 230V
x 566 218 603 221 4 15 Lamp
x 379 300 399 303 4 15 Q1
x 377 319 422 322 4 15 BS170
x 124 335 173 338 4 15 R_LDR
x 359 279 369 282 4 15 D
x 359 343 369 346 4 15 S
x 305 297 316 300 4 15 G
w 304 304 288 304 0
w 256 304 288 304 0
p 288 304 288 384 3 0 0
w 288 384 352 384 0
174 144 176 144 272 1 100000 0.5 Resistance
374 208 304 208 384 0 0.9406000000000001 Light\sBrightness
w 160 224 208 224 0
w 208 224 208 304 0
x 99 230 127 233 4 15 R_T
178 384 128 384 224 6 1 0.2 2.9141590939089256e-7 0.05 1000000 0.02 20 0.015 0.005 0
w 352 256 352 224 0
181 512 160 512 256 0 300.00091497743057 100 230 0.004 0.004
v 512 80 384 80 0 1 50 230 0 0 0.5
w 384 128 384 80 0
w 368 224 368 256 0
w 368 256 512 256 0
w 512 160 512 80 0
x 419 170 437 173 4 15 K1
d 304 224 304 128 2 default
w 352 112 352 128 0
w 352 128 304 128 0
w 352 224 304 224 0
x 550 328 638 331 4 15 ---------------->
x 549 348 622 351 4 15 Valoisuutta
x 547 368 619 371 4 15 säätämällä
x 545 387 641 390 4 15 Lamppu\ssyttyy
