$ 1 0.000005 10.20027730826997 46 5 43 5e-11
r 288 256 288 144 0 680
s 144 96 192 96 0 0 false
w 112 96 112 128 0
v 112 272 112 128 0 0 40 24 0 0 0.5
r 352 144 352 256 0 680
w 144 96 112 96 0
w 288 144 320 144 0
w 320 144 320 112 0
w 320 96 256 96 0
w 352 144 320 144 0
w 352 256 320 256 0
w 288 256 320 256 0
w 320 256 320 288 0
w 320 320 112 320 0
x 210 61 232 64 4 16 I\s\q\s
w 112 272 112 320 0
x 144 196 202 199 4 16 U\s\q\s24V
x 172 33 350 36 4 16 Vastusten\srinnankytkentä
216 432 112 432 288 0 0.01
w 432 112 320 112 0
w 432 288 320 288 0
x 169 382 421 385 4 12 Siirrä\sjohdot\smittarista\svirtapiiriin\sniin\snäet\svirran
x 170 362 477 365 4 12 Tupla\sklikkaa\svastausta,\sniin\svoit\smuuttaa\ssen\sresistanssia
370 192 96 256 96 1 0 0
x 298 191 314 194 4 13 R1
x 362 190 378 193 4 13 R2
x 444 172 467 175 4 13 R12
b 198 67 260 115 0
b 406 176 484 224 0
