$ 1 0.000005 27.727228452313398 33 5 50 5e-11
v 544 192 640 192 0 1 50 325 0 0 0.5
v 544 432 640 432 0 1 50 325 0 4.1887902047863905 0.5
v 544 304 640 304 0 1 50 325 0 2.0943951023931953 0.5
r 800 192 912 192 0 175
r 800 304 912 304 0 175
r 800 432 912 432 0 175
370 672 192 768 192 1 1 0
370 672 304 768 304 1 1 0
370 672 432 768 432 1 1 0
370 768 512 672 512 1 1 0
w 640 192 672 192 0
w 768 192 800 192 0
w 640 304 672 304 0
w 768 304 800 304 0
w 912 192 912 304 0
w 912 304 912 432 0
w 800 432 768 432 0
w 672 432 640 432 0
w 912 432 912 512 0
w 912 512 768 512 0
w 672 512 544 512 0
w 544 512 544 432 0
w 544 432 544 304 0
w 544 304 544 192 0
p 800 128 912 128 3 1 0
w 912 128 912 192 0
w 800 128 800 192 0
