$ 0 0.000005 1.0312258501325766 50 5 50 5e-11
v 16 320 16 240 0 0 40 12 0 0 0.5
r 208 240 208 320 0 100
w 16 240 16 208 0
w 208 192 208 240 0
w 208 320 208 352 0
w 208 352 16 352 0
w 16 352 16 320 0
p 464 240 464 320 1 0 0
w 368 240 464 240 0
w 368 320 464 320 0
x -52 287 -10 290 4 24 12V
x 132 -18 453 -15 4 24 Jännitteen\smittaus\svirtapiirissä
x 429 228 516 231 4 14 Jännite\smittari
s 64 32 144 32 0 0 false
w 144 32 208 32 0
w 64 32 16 32 0
r 368 240 368 320 0 100
r 208 144 208 64 0 100
x 270 56 357 59 4 14 Jännite\smittari
w 208 144 304 144 0
w 208 64 304 64 0
p 304 64 304 144 1 0 0
x 267 232 354 235 4 14 Jännite\smittari
w 208 320 304 320 0
w 208 240 304 240 0
p 304 240 304 320 1 0 0
w 16 32 16 208 0
w 208 32 208 64 0
w 208 352 368 352 0
w 368 352 368 320 0
w 368 224 368 192 0
w 208 144 208 192 0
w 208 192 368 192 0
w 368 224 368 240 0
