$ 1 0.000005 0.6520819120330112 44 5 50 5e-11
r 288 128 288 192 0 100
r 288 256 288 336 0 100
r 448 256 448 336 0 100
v 96 304 96 160 0 0 40 12 0 0 0.5
w 96 160 96 96 0
w 96 96 160 96 0
w 224 96 288 96 0
w 288 96 288 128 0
w 288 192 288 224 0
w 288 224 288 256 0
w 288 224 448 224 0
w 448 224 448 256 0
w 288 336 288 368 0
w 448 336 448 368 0
w 448 368 288 368 0
w 288 368 96 368 0
w 96 368 96 304 0
p 368 128 368 192 3 0 0
p 352 256 352 336 3 0 0
p 512 256 512 336 3 0 0
w 288 128 368 128 0
w 368 192 288 192 0
w 352 256 288 256 0
w 352 336 288 336 0
w 448 256 512 256 0
w 512 336 448 336 0
x 183 37 504 40 4 24 Jännitteen\smittaus\svirtapiirissä
s 160 96 224 96 0 0 false
x 167 75 226 78 4 14 Kytkin\sS1
x 387 136 474 139 4 14 Jännite\smittari
x 28 237 60 240 4 18 12V
x 530 274 617 277 4 14 Jännite\smittari
x 366 259 411 262 4 14 Jännite
x 369 276 407 279 4 14 mittari
p 144 192 144 256 3 0 0
w 144 192 144 160 0
w 144 160 96 160 0
w 144 256 144 304 0
w 144 304 96 304 0
x 164 200 202 203 4 14 mittari
x 161 183 206 186 4 14 Jännite
