$ 1 0.0000049999999999999996 3.046768661252054 89 5 50 5e-11
v 80 272 80 144 0 1 50 325.2691193458119 0 0 0.5
w 352 224 352 272 0
T 272 192 352 192 0 10 0.10395010395010396 -0.051238586328271746 1.072504674875368 0.999
w 272 192 272 144 0
w 272 224 272 272 0
r 176 144 128 144 0 1
w 80 272 224 272 0
w 352 272 448 272 0
r 448 144 448 272 0 20
w 352 192 352 144 0
g 80 272 80 288 0 0
g 352 272 352 288 0 0
p 496 144 496 272 3 1 1
w 448 144 496 144 0
w 496 272 448 272 0
370 352 144 448 144 1 1 0
x 451 300 551 303 4 12 Muuta\sresistanssin
x 452 323 617 326 4 12 arvoa\sresistanssia\sklikkaamalla
p 128 144 128 272 3 1 0
w 80 144 128 144 0
370 224 144 272 144 1 1 1
w 176 144 224 144 0
w 224 272 272 272 0
x 246 61 431 64 4 12 Muuta\smuuntajan\smuuntosuhdetta\s
x 244 88 372 91 4 12 muuntajaa\sklikkaamalla.
o 0 64 0 4099 640 3.2 0 2 0 3
o 8 64 0 4099 320 25.6 1 2 8 3
