$ 1 0.000005 10.20027730826997 50 5 43 5e-11
r 368 160 368 240 0 1000
s 160 128 224 128 0 0 false
w 112 128 160 128 0
v 112 272 112 128 0 0 40 5 0 0 0.5
w 336 128 352 128 0
w 368 128 368 160 0
w 368 160 432 160 0
w 368 240 432 240 0
w 368 240 368 272 0
w 368 272 112 272 0
p 432 160 432 240 3 0 0
x 192 66 358 69 4 20 Jännitteen\skuvaaja
x 64 380 388 383 4 12 Jännitteen\skuvaaja\son\snähtävissä\soskilloskooppi\skuvassa\salla
x 483 204 554 207 4 12 Jännitemittari
x 54 202 73 205 4 16 5V
w 224 128 272 128 0
w 352 128 368 128 0
370 272 128 336 128 1 0 0
b 273 103 340 145 0
x 272 98 329 101 4 12 Virtamittari
x 311 204 346 207 4 12 Vastus
x 176 100 208 103 4 12 Kytkin
x 143 191 211 194 4 12 Jännitelähde
x 145 208 189 211 4 12 (paristo)
o 0 64 0 4098 5 0.8 0 2 0 3
38 0 F1 0 1 101 -1 Resistance
