$ 1 0.000005 10.20027730826997 50 5 43 5e-11
r 144 208 144 112 0 1.69
s 336 112 400 112 0 1 false
v 144 304 144 208 0 0 40 4.836 0 0 0.5
w 400 160 400 112 0
w 144 112 240 112 0
w 400 256 400 304 0
w 400 304 240 304 0
w 240 304 144 304 0
p 240 112 240 304 3 0 0
370 240 112 336 112 1 0 0
r 400 160 400 256 0 50.818
b 104 131 192 280 0
x 58 261 98 264 4 12 Paristot
x 112 242 126 245 4 12 Us
x 112 159 123 162 4 12 Ri
x 261 190 286 193 4 12 Uout
x 278 85 298 88 4 12 Iout
x 362 88 376 91 4 12 S1
x 448 212 464 215 4 12 M1
x 136 56 400 59 4 14 Pariston\ssis채inen\sresistanssi\steht채v채\s2.118
x 136 362 388 365 4 12 Arvot\svastaavat\soppikirjan\ssivun\s164\sesimerkki채
38 0 F1 0 1 101 -1 Resistance
