$ 1 0.000005 382.76258214399064 54 5 50 5e-11
v 496 384 496 608 0 1 6000 8.485281374238571 0 0 0.5
g 496 720 496 768 0 0
w 496 608 496 720 0
r 704 496 704 720 0 220
p 592 384 592 608 3 1 1
c 960 496 960 720 0 2.1999999999999998e-7 7.160957667384305 0.001
l 832 496 832 720 0 0.0033 -0.036423516199599465 0
370 704 336 704 496 1 1 0
370 832 336 832 496 1 1 0
370 960 336 960 496 1 1 0
w 496 384 496 336 0
w 496 336 592 336 0
w 592 336 592 384 0
w 592 608 592 720 0
w 704 336 592 336 0
w 832 336 704 336 0
w 960 336 832 336 0
w 960 720 832 720 0
w 832 720 704 720 0
w 704 720 592 720 0
r 496 720 592 720 0 0.1
x 393 262 1174 265 4 24 Painamalla\soikealta\sylhäältä\sRun/Stop\spainiketta\ssaat\sarvot\spysähtymään.
