$ 1 0.000005 10.20027730826997 50 5 43 5e-11
v 128 288 128 128 0 0 40 12 0 0 0.5
r 256 80 256 144 0 1000
r 256 176 256 240 0 2200
r 256 272 256 336 0 3300
p 336 80 336 144 3 0 0
p 336 240 336 176 3 0 0
p 432 320 432 256 3 0 0
w 256 144 256 160 0
w 256 160 256 176 0
w 336 144 336 160 0
w 336 160 336 176 0
w 336 160 256 160 0
w 336 160 432 160 0
w 432 160 432 256 0
w 336 240 336 256 0
w 336 256 256 256 0
w 256 256 256 272 0
w 256 256 256 240 0
w 432 320 432 352 0
w 256 336 256 352 0
w 256 352 256 368 0
w 256 368 128 368 0
w 128 368 128 288 0
w 256 80 256 64 0
w 256 64 128 64 0
w 128 64 128 128 0
w 256 80 336 80 0
w 256 352 432 352 0
x 320 41 423 44 4 14 Sähköpotentiaali
x 71 209 92 212 4 12 12V
x 211 117 226 120 4 12 R1
x 213 212 228 215 4 12 R2
x 217 305 232 308 4 12 R3
x 355 101 369 104 4 12 V1
x 358 200 372 203 4 12 V2
x 441 275 455 278 4 12 V3
x 346 151 411 154 4 12 0-potentiaali
b 316 136 415 168 0
