$ 1 0.000005 10.20027730826997 50 5 50 5e-11
v 496 272 496 496 0 1 50 293.3078928361799 0 0 0.5
370 496 272 704 272 1 1 0
r 704 272 704 496 0 26.5
w 704 496 496 496 0
p 832 272 832 496 3 1 0
w 832 272 704 272 0
w 832 496 704 496 0
w 1568 496 1440 496 0
w 1568 272 1440 272 0
p 1568 272 1568 496 3 1 0
w 1440 496 1232 496 0
r 1440 272 1440 496 0 17.6
370 1232 272 1440 272 1 1 0
v 1232 272 1232 496 0 1 50 293.3078928361799 0 0 0.5
x 628 219 761 222 4 24 2kW\svaraaja
x 1372 220 1505 223 4 24 3kW\svaraaja
