$ 1 0.000005 10.20027730826997 50 5 43 5e-11
r 288 128 288 192 0 100
s 192 64 256 64 0 0 false
v 112 352 112 64 0 0 40 5 0 0 0.5
r 288 336 288 272 0 100
370 288 64 288 128 1 0 0
370 288 224 288 272 1 0 0
370 384 224 384 272 1 0 0
r 384 336 384 272 0 200
w 192 64 112 64 0
w 256 64 288 64 0
w 288 192 288 208 0
w 288 208 384 208 0
w 384 208 384 224 0
w 288 208 288 224 0
w 112 352 192 352 0
w 288 352 288 336 0
w 288 352 384 352 0
w 384 352 384 336 0
b 344 267 275 225 0
b 441 268 372 226 0
b 339 117 270 75 0
370 240 352 192 352 1 0 0
w 240 352 288 352 0
b 249 372 180 330 0
x 134 23 377 26 4 20 Virtojen\smittaus\svirtapiirissä
x 144 213 166 216 4 18 5V
x 124 194 138 197 4 24 \p
x 124 235 131 238 4 24 -
38 0 F1 0 1 101 -1 Resistance
